-1.23396E+03 1.59782E+03  1.00000E+06 
-7.51996E+02 1.64161E+03  6.30957E+05 
1.59210E+03  2.76314E+03  3.98107E+05 
2.12681E+03  4.14772E+03  2.51189E+05 
2.65404E+03  3.75328E+03  1.58489E+05 
3.49180E+03  2.98381E+03  1.00000E+05 
4.75939E+03  2.06213E+03  6.30957E+04 
7.19594E+03  3.20000E+02  3.98107E+04 
1.18763E+04  -7.72117E+03 2.51189E+04 
1.00563E+04  -9.65769E+03 1.58489E+04 
6.22517E+03  -1.08792E+04 1.00000E+04 
1.91538E+03  -9.19464E+03 6.30957E+03 
1.32859E+03  -9.27887E+03 3.98107E+03 
9.14832E+02  -9.39208E+03 2.51189E+03 
6.77748E+02  -8.95807E+03 1.58489E+03 
5.84617E+02  -9.59097E+03 1.00000E+03 
5.97014E+02  -1.08142E+04 6.30957E+02 
8.87653E+02  -1.61321E+04 3.98107E+02 
1.50370E+03  -2.54460E+04 2.51189E+02 
3.09779E+03  -3.98799E+04 1.58489E+02 
6.77559E+03  -6.24630E+04 1.00000E+02 
1.47054E+04  -9.73145E+04 6.30957E+01 
3.40505E+04  -1.48323E+05 3.98107E+01 
7.58402E+04  -2.19585E+05 2.51189E+01 
1.54136E+05  -2.99605E+05 1.58489E+01 
2.77756E+05  -3.65417E+05 1.00000E+01 
4.25831E+05  -3.88870E+05 6.30957E+00 
5.72427E+05  -3.78382E+05 3.98107E+00 
6.82391E+05  -3.71453E+05 2.51189E+00 
7.74646E+05  -3.53351E+05 1.58489E+00 
8.75110E+05  -3.54842E+05 1.00000E+00 
9.93054E+05  -3.54298E+05 6.30957E-01 
1.10288E+06  -3.39694E+05 3.98107E-01 
1.20749E+06  -3.06821E+05 2.51189E-01 
1.30235E+06  -2.59433E+05 1.58489E-01 
1.39675E+06  -2.09156E+05 1.00000E-01 
