-1.53954E+03 1.17575E+03  1.00000E+06 
-7.64253E+02 1.34996E+03  6.30957E+05 
1.63124E+03  2.18655E+03  3.98107E+05 
1.91295E+03  3.22649E+03  2.51189E+05 
2.37510E+03  2.86735E+03  1.58489E+05 
3.17789E+03  2.20649E+03  1.00000E+05 
4.44761E+03  1.38446E+03  6.30957E+04 
7.72292E+03  -1.23269E+03 3.98107E+04 
1.21482E+04  -1.00914E+04 2.51189E+04 
8.82455E+03  -1.11045E+04 1.58489E+04 
5.77123E+03  -1.13601E+04 1.00000E+04 
8.62168E+02  -9.47615E+03 6.30957E+03 
1.12059E+03  -9.35086E+03 3.98107E+03 
8.86197E+02  -9.50196E+03 2.51189E+03 
6.78916E+02  -8.97177E+03 1.58489E+03 
6.68153E+02  -9.56598E+03 1.00000E+03 
8.25947E+02  -1.07161E+04 6.30957E+02 
1.49114E+03  -1.57790E+04 3.98107E+02 
3.13816E+03  -2.46114E+04 2.51189E+02 
6.91314E+03  -3.81412E+04 1.58489E+02 
1.52538E+04  -5.71819E+04 1.00000E+02 
3.20994E+04  -8.23290E+04 6.30957E+01 
6.26821E+04  -1.08769E+05 3.98107E+01 
1.02955E+05  -1.29204E+05 2.51189E+01 
1.45844E+05  -1.42445E+05 1.58489E+01 
1.86495E+05  -1.54555E+05 1.00000E+01 
2.24593E+05  -1.69974E+05 6.30957E+00 
2.70442E+05  -1.97571E+05 3.98107E+00 
3.13328E+05  -2.38905E+05 2.51189E+00 
3.73521E+05  -2.95959E+05 1.58489E+00 
4.52422E+05  -3.68563E+05 1.00000E+00 
5.66131E+05  -4.64174E+05 6.30957E-01 
7.28150E+05  -5.63649E+05 3.98107E-01 
9.40866E+05  -6.39995E+05 2.51189E-01 
1.18342E+06  -6.55293E+05 1.58489E-01 
1.45352E+06  -6.49766E+05 1.00000E-01 
